56,0
55,4
55,3
55,2
55,1
55,0
54,3
54,2
54,1
54,0
53,3
53,2
53,1
53,0
52,3
52,2
52,1
52,0
51,3
51,2
51,1
51,0
50,3
50,2
50,1
50,0
49,3
49,2
49,1
49,0
48,3
48,2
48,1
48,0
47,3
47,2
47,1
47,0
46,3
46,2
46,1
46,0
45,4
45,3
45,2
45,1
45,0
44,3
44,2
44,1
44,0
43,3
43,2
43,1
43,0
42,3
42,2
42,1
42,0
41,3
41,2
41,1
41,0
40,3
40,2
40,1
40,0
39,3
39,2
39,1
39,0
38,3
38,2
38,1
38,0
37,3
37,2
37,1
37,0
36,3
36,2
36,1
36,0
35,3
35,2
35,1
35,0
4,3
4,2
4,1
4,0
3,6
3,5
3,4
3,3
3,2
3,1
3,0
2,3
2,2
2,1
2,0
1,3
1,2
1,1
1,0
0,426
0,414
0,409
0,397
0,324
0,243
0,9
0,0
0,1
0,367
0,300
0,326
0,299
0,348
0,298
0,431
0,297
0,430
0,296
0,429
0,295
0,416
0,294
0,427
0,293
0,361
0,292
0,323
0,291
0,424
0,290
0,423
0,289
0,288
0,318
0,287
0,314
0,286
0,381
0,285
0,313
0,284
0,312
0,283
0,316
0,282
0,321
0,281
0,311
0,280
0,357
0,279
0,439
0,278
0,412
0,277
0,378
0,276
0,384
0,275
0,392
0,274
0,308
0,273
0,272
0,354
0,271
56,1
56,2
57,0
57,1
57,3
58,0
58,2
59,0
59,1
59,3
60,0
60,2
61,0
61,1
61,3
62,0
62,2
62,3
63,1
63,3
64,0
64,2
64,3
64,1
63,2
63,0
62,1
61,2
60,3
60,1
59,2
58,3
58,1
57,2
56,3
0,341
0,270
0,340
0,269
0,419
0,268
0,338
0,267
0,320
0,266
0,342
0,265
0,413
0,264
0,372
0,263
0,411
0,262
0,332
0,261
0,322
0,260
0,369
0,259
0,366
0,258
0,356
0,257
0,363
0,256
0,360
0,255
0,447
0,254
0,325
0,253
0,336
0,252
0,337
0,251
0,407
0,250
0,428
0,249
0,406
0,248
0,435
0,247
0,421
0,246
0,333
0,245
0,374
0,244
0,309
0,242
0,373
0,241
0,331
0,240
0,410
0,239
0,405
0,238
0,334
0,237
0,383
0,236
0,377
0,235
0,415
0,234
0,330
0,233
0,370
0,232
0,343
0,231
0,403
0,230
0,339
0,229
0,335
0,228
0,400
0,227
0,441
0,226
0,443
0,225
0,440
0,224
0,365
0,223
0,359
0,222
0,434
0,221
0,355
0,220
0,380
0,219
0,376
0,218
0,375
0,217
0,351
0,216
0,394
0,215
0,301
0,214
0,327
0,213
0,364
0,212
0,444
0,211
0,329
0,210
0,209
0,353
0,208
0,358
0,207
0,349
0,206
0,401
0,205
0,371
0,204
0,328
0,203
0,432
0,202
0,352
0,201
0,446
0,200
0,379
0,199
0,389
0,198
0,442
0,197
0,438
0,196
0,346
0,195
0,437
0,194
0,347
0,193
0,433
0,192
0,388
0,63
0,425
0,62
0,387
0,61
0,395
0,60
0,319
0,59
0,436
0,58
0,345
0,57
0,396
0,56
0,344
0,55
0,393
0,54
0,386
0,53
0,382
0,52
0,51
0,50
0,368
0,49
0,310
0,48
0,385
0,47
0,362
0,46
0,307
0,45
0,350
0,6
0,5
0,304
0,303
0,306
0,305
0,302
0,12
0,408
0,10
0,8
0,11
0,4
0,2
0,3
0,7
